010
11
11
11
14
15
16
16
17
17
18
18
18
20
20
21
21
22
22
23
23
23
23
23
23
24
24
25
25
26
26
26
26
27
27
27
27
27
29
30
30
30
30
31
31
32
34
34
34
34
35
35
36
36
36
37
37
39
40
40
41
42
42
42
42
43
43
43
43
43
44
44
44
44
45
46
47
47
47
48
48
49
49
50
50
51
52
52
53
53
54
54
55
55
55
56
56
57
57
57
59
59
59
59
60
60
60
60
61
61
62
62
62
63
63
65
66
67
68
69
70
70
71
71
73
73
74
74
74
75
77
77
77
78
78
80
80
81
82
82
82
83
83
84
84
84
84
84
84
85
85
85
86
86
86
86
87
87
87
88
90
90
91
92
92
92
93
94
94
95
95
96
97
97
98
98
98
98
98
