010
10
10
11
11
11
11
12
12
12
13
13
15
15
15
16
16
17
17
17
18
18
18
19
20
20
20
21
21
21
21
21
22
22
24
24
25
26
26
26
26
27
29
29
29
29
30
31
31
31
31
31
32
32
33
33
33
34
34
34
36
36
36
36
36
37
38
38
38
40
40
41
41
42
42
42
43
43
43
43
44
44
46
47
48
48
48
49
49
49
50
50
52
52
52
53
53
54
54
55
55
56
56
56
57
58
58
59
59
59
60
60
60
61
61
62
62
63
63
64
64
64
65
66
66
66
68
69
70
70
70
71
72
74
74
74
75
76
77
77
77
77
77
78
79
79
79
80
81
81
81
82
83
83
83
84
85
87
87
87
88
89
90
91
92
93
94
94
94
94
95
96
96
97
97
97
